-105
-648
807
687
-938
-238
174
-945
248
-265
-557
310
-363
565
-152
803
654
158
-536
250
-807
-409
-323
58
975
755
563
390
-796
-680
-180
97
-640
-119
-521
-189
-485
-313
-493
-916
759
-150
814
-145
405
-807
-487
-372
769
624
685
-336
-525
946
-500
-704
-677
-770
-777
-321
-852
-557
922
598
993
907
917
865
500
-926
550
449
855
443
550
142
934
69
-173
-657
727
-735
-774
813
963
446
819
-761
-516
468
502
672
316
-100
11
936
-283
-417
347
-391
656
-818
-45
-859
-2
-190
-542
684
-376
-61
-512
278
223
201
-83
-358
-250
260
71
-248
561
-652
186
-64
181
962
959
940
-260
-753
-300
-818
23
335
-294
-859
180
-328
309
111
21
-649
786
-992
468
-515
-950
-528
-176
355
-461
437
-73
-817
27
-585
-139
205
467
-321
31
660
-124
831
-709
898
622
676
910
-568
-918
923
-182
912
344
101
-303
-409
374
485
-677
759
835
641
732
-533
-516
-586
-625
-239
829
720
91
516
732
-328
-704
301
-890
712
-527
173
220
-270
607
-220
121
-883
-829
930
605
730
-965
-701
-345
453
-852
121
-772
607
892
571
-828
-635
-309
187
-668
691
776
-222
-835
-290
-572
-845
-130
20
883
917
-338
107
-827
838
-89
626
-357
-892
-459
-798
118
497
-107
783
976
-129
-541
-839
-374
-523
-42
488
-139
-390
113
121
-391
-678
400
638
-471
846
-652
-638
-240
835
-70
-295
-21
130
-141
-786
613
-375
-180
-399
339
461
-759
653
-287
370
-652
-470
-666
395
370
-111
869
-205
-371
553
-910
-864
-101
-577
511
-633
759
124
-475
-147
-179
52
-877
-533
-686
-913
-905
-562
151
-635
794
527
956
156
-623
271
-315
-300
588
623
846
349
-751
669
615
564
-471
562
-552
148
-839
-675
466
274
-834
-334
-859
-369
5
212
-589
80
-515
-211
437
816
819
-306
148
485
-82
-464
-207
223
-910
376
-114
806
-807
726
-732
-586
417
152
-575
928
-721
41
27
246
-772
490
-922
557
-827
-320
919
833
-115
168
-824
412
34
-51
-72
498
-150
243
188
161
151
-154
-801
-72
-534
490
916
809
-975
-659
-343
-445
821
37
45
307
24
-102
-16
890
-548
-250
531
-105
886
699
169
855
-844
-184
832
886
330
838
-825
60
-114
551
737
-52
-258
-753
-820
-698
-259
-827
-459
-418
-530
-173
925
-957
-203
-692
55
-663
446
-447
-357
-150
-958
939
-39
-275
-326
797
-651
47
651
850
-475
-880
286
-882
-543
350
-660
-477
-619
-127
-530
527
-251
-284
-160
759
-71
637
-39
-534
941
-601
-64
263
815
418
654
-751
830
-258
-619
962
-495
-653
42
-756
-947
178
625
766
-285
417
-993
-761
172
446
-849
827
421
-817
200
64
-389
793
414
997
456
-554
-486
654
-558
373
-403
-741
985
388
-86
94
753
-871
993
-366
-968
189
87
631
-129
-861
-547
41
-122
358
204
655
-83
434
951
-350
-958
-718
776
-612
-785
25
-282
-824
610
-6
-666
-185
298
667
-505
165
-348
-91
-261
56
233
818
-887
986
-257
-215
-957
229
-923
841
922
538
-436
-607
473
24
-355
-94
62
947
-889
-589
6
-514
-863
120
-918
-797
-264
290
17
40
-642
373
399
-705
787
-169
-195
705
-223
-595
-400
31
-902
-264
677
800
-564
-160
344
-139
-696
126
-849
-133
939
-63
598
-602
776
785
-4
-956
-943
311
-278
-585
122
102
-648
-573
412
-369
155
-947
-445
509
222
-606
-499
-732
929
764
-906
869
776
393
-427
931
-963
-802
604
339
274
206
-900
510
-603
342
192
-801
322
927
586
393
656
587
-64
157
969
-592
970
-501
827
55
-283
610
-602
433
-372
-967
44
615
-863
-109
-524
-154
969
207
639
-374
-221
-285
376
-841
-388
678
-179
-585
575
-388
553
876
-72
-542
-799
-61
750
314
-432
33
150
44
-588
-46
-874
-628
248
-289
105
-486
-196
877
-250
486
696
-238
272
845
-484
876
641
802
-367
761
-328
-64
-137
-826
-147
435
105
422
645
-623
-672
-913
159
-797
510
-771
-835
-592
653
-496
-690
-415
989
-698
-453
867
7
-887
891
-355
-861
956
215
-405
-732
-674
-479
923
102
-497
582
-435
387
183
914
801
-295
760
-738
-770
-907
224
998
-665
-766
-726
642
-663
455
77
165
801
530
283
526
712
-228
260
-913
-285
-823
-386
-861
511
819
-282
-104
321
300
837
-28
943
179
-943
-312
796
-811
106
-286
465
-827
269
395
-75
781
-256
-466
-570
-619
-599
221
247
-280
22
208
-521
514
-278
-546
-838
-715
429
831
-376
-135
-670
-906
-230
129
-96
633
-427
-632
247
92
410
-106
20
634
261
-751
729
-574
690
-604
170
-612
-896
505
-219
520
-284
423
-565
586
-784
-746
171
261
804
-898
200
-520
-894
-597
-877
859
146
894
225
426
-415
-824
520
-208
-537
143
-817
-507
389
-26
534
-889
-883
2
428
448
-965
347
765
75
685
-312
962
52
-624
-718
-683
-370
759
-669
149
-524
-605
-888
116
246
225
-582
-130
544
203
754
177
-667
491
-669
-85
-668
-744
-957
-397
-750
-558
-520
333
-905
-443
-89
-201
927
-377
279
-739
-694
307
408
-842
-200
877
-791
462
-224
280
74
-793
-627
454
-3
-920
-378
-571
-861
227
-902
-650
102
889
-420
947
-659
847
858
-647
-922
-535
907
549
-442
-657
303
-690
-727
873
-365
-276
309
180
510
-884
604
293
160
717
84
-263
4
173
-806
-118
678
956
29
537
-383
804
-896
-662
221
-534
-791
171
-314
-338
142
699
-478
-744
-513
-297
-647
582
285
97
745
650
470
287
198
163
-322
-251
-223
-388
-679
511
985
73
995
-108
-843
-972
157
-52
973
60
869
961
-941
715
784
690
-650
-807
192
466
-110
-624
290
836
743
75
745
350
973
562
218
706
-426
253
667
-935
84
815
840
785
-235
-628
781
-136
71
-197
-478
358
286
40
-495
-197
-679
662
938
643
37
395
608
-771
76
821
368
-131
840
-327
-940
481
-668
-476
100
96
-491
713
-267
-959
-904
-158
923
982
29
-553
925
195
-777
139
-299
529
64
-640
507
-389
-398
268
-685
-700
-934
-338
-611
433
-309
974
679
604
-520
-64
-403
-945
-865
23
-395
137
36
737
174
-95
993
559
19
-135
-102
-308
-49
147
284
651
755
854
881
786
-112
402
412
-657
-37
830
41
135
273
900
399
-598
340
-45
600
-26
3
-624
-267
-467
-21
-922
-310
-890
979
-82
562
84
-220
-311
-513
-146
-183
46
708
687
-13
-647
-856
153
-819
244
806
-850
-206
-624
94
-37
932
-518
17
-447
315
902
940
75
-855
189
-664
551
-119
-481
-63
917
211
-46
-499
922
185
61
573
-684
770
-59
-259
-688
531
887
484
-500
-995
-725
-631
465
-87
-381
220
-465
538
-101
720
400
948
114
-142
266
-377
394
-325
832
-609
-610
-550
-49
503
-978
797
44
766
36
-683
-374
-456
739
-718
-511
804
322
-52
-312
-747
-581
-461
-903
-732
-955
-782
443
-864
-188
79
-932
-161
334
-769
371
-373
698
-974
-630
-891
675
983
874
-114
-466
-296
-539
-82
159
-126
-283
929
302
825
-21
-722
-56
823
471
103
-414
515
153
906
-810
-536
-366
-344
610
-804
433
-927
708
700
265
649
-497
550
333
-667
576
-668
-696
463
278
-926
-759
-435
992
-444
-379
149
773
752
972
869
-438
-729
289
-872
-671
532
-507
67
595
-227
-682
-31
921
688
-76
30
583
-1
-133
530
506
496
-793
359
926
647
657
177
-642
-233
776
-93
-394
-125
-373
-393
855
970
-73
-352
-650
-151
42
-739
734
-796
-826
132
235
-622
-182
332
-674
504
310
294
-214
-596
333
-892
261
248
-64
346
-463
-428
434
-322
-383
159
726
522
795
655
-816
711
-925
643
-115
665
-351
818
315
590
11
-271
851
-852
-326
-24
895
-858
573
-903
-557
-344
619
1000
235
-299
977
957
-497
293
-197
-495
-758
275
-494
-992
-771
-200
245
-255
-748
-199
507
508
1000
854
988
-404
83
-3
-176
-76
-98
-539
924
-116
-702
-442
-281
-566
989
465
-698
552
448
186
16
17
-502
-141
493
-323
-730
-17
695
-607
-705
483
434
-668
877
671
966
551
283
783
327
-970
633
905
569
121
-476
-61
778
781
28
-799
778
98
-908
-188
-824
-784
-748
-819
-869
396
-610
766
-225
-662
2
-575
634
510
176
-712
762
-163
-507
-828
170
260
-676
264
-984
14
-798
350
136
-114
540
780
625
-450
568
710
808
237
-695
823
77
-144
672
-694
-105
-207
-461
-704
-39
-469
-876
-688
353
-698
968
-363
-638
413
-566
933
-375
234
-22
-478
-24
201
337
-91
889
851
-319
679
957
712
-406
126
493
-140
696
522
469
-66
761
52
374
-589
-347
-843
461
719
177
27
203
-553
666
712
426
282
-334
-357
226
-121
21
254
92
567
471
-527
-152
-380
-915
578
-876
697
136
-107
-77
714
-558
-931
-982
-484
-376
-267
-995
803
978
-845
718
988
-345
-203
595
-321
-304
867
-288
922
-508
-41
-181
-548
770
-21
332
-946
-785
105
115
-956
-981
-985
39
-784
218
422
355
-974
-347
69
658
349
-353
33
-47
316
701
484
-150
861
342
468
-312
946
671
-865
295
-663
-783
-763
-750
-53
680
39
-668
76
386
993
749
315
56
562
349
-768
-273
283
-815
-935
-862
-775
97
-447
-302
-342
-335
-105
-417
-142
521
452
599
110
-946
431
93
-171
770
-320
-700
-889
113
-180
408
-359
-797
844
721
-496
362
416
486
-898
-905
-244
730
460
397
-938
-585
-148
-926
-353
-950
-184
-569
-34
288
725
-730
-43
378
477
307
158
-446
-33
-561
-280
949
-323
228
818
-167
780
794
310
846
331
-46
-582
-805
975
-676
-996
770
-778
-531
977
-833
-786
-191
163
-976
51
-884
153
-543
-158
823
-510
-30
556
-792
-321
140
-181
446
-855
200
-504
87
-860
316
484
-58
693
-813
221
-316
107
-3
-318
-834
-855
139
826
262
92
-308
-26
184
363
-911
168
660
369
731
178
-142
776
439
-539
231
374
793
779
157
464
974
974
271
207
914
-87
930
88
-637
66
136
-26
-294
711
-598
887
-397
-437
-384
221
49
-35
896
49
447
-750
-3
-280
749
-838
-251
-339
51
172
-397
838
665
-911
-266
755
-920
556
817
255
-692
808
-591
443
48
817
543
278
-345
191
-778
653
856
910
-828
-256
434
836
-691
461
574
-729
-760
24
-376
292
-972
755
415
-393
60
106
932
660
197
3
-47
-976
-914
792
979
-494
-188
-139
-462
265
733
-30
960
397
-772
-877
-805
259
663
247
-475
-498
60
275
-513
-446
-198
406
-130
-931
-692
-129
-408
-940
-930
-775
310
218
942
278
-143
-591
-924
634
-694
-909
949
-503
560
143
536
-798
-31
-906
135
-910
-343
-996
-342
-753
39
479
-155
-562
-20
-683
-252
-992
-685
527
-561
850
-833
214
-466
432
821
317
977
-983
51
955
-296
-702
-820
346
360
-685
-976
339
-578
-68
-282
234
-795
681
121
-38
803
524
520
532
195
-646
-932
820
-885
-728
717
617
115
-797
-955
247
-60
-852
995
-818
396
396
-816
-540
570
974
308
-921
352
-588
16
939
-400
117
-929
-16
-102
410
-100
393
-992
-477
-672
-568
476
410
-85
99
-551
80
367
929
-536
-634
-776
798
-494
595
-430
-345
47
784
-345
958
932
100
-765
-219
542
714
746
-127
-414
764
-646
107
723
-669
-979
-388
361
635
-632
52
-162
846
974
-198
814
482
-861
1
-395
778
-980
761
-731
-759
139
-533
-572
58
182
474
-855
537
-893
627
-922
-8
-532
913
-508
-941
439
677
-907
-461
-998
199
260
-720
-235
807
402
214
339
-892
769
19
281
-512
411
316
773
431
414
91
-224
379
-686
758
603
896
-418
-435
635
69
610
988
623
-17
-467
847
-186
908
363
250
-674
788
-993
874
-224
684
-599
694
577
-998
-199
641
-845
903
10
830
261
486
-196
823
630
897
79
-178
-608
430
-490
-1000
270
-959
-30
-622
944
604
754
210
608
-451
112
-512
-100
-777
648
357
-833
-368
-197
-510
778
127
-990
-534
214
-775
739
501
107
830
-757
-733
486
589
-240
-821
392
-110
-557
-614
-876
472
-439
-920
284
-351
967
-375
-656
-103
-372
-387
223
40
-519
588
295
-232
636
-673
-193
505
-536
-861
929
-918
-679
-185
366
-246
951
-770
-456
-260
-679
-562
763
-639
-540
-208
339
-69
-771
904
-337
-36
-823
990
401
-113
372
-66
275
297
-914
-684
433
-544
554
539
801
71
76
774
948
541
-226
-635
-886
-288
0
-589
-80
-635
-343
658
155
-585
-258
941
-582
342
-900
793
33
-682
703
210
-296
-965
154
685
627
-4
-201
515
538
-42
-402
-251
-639
-921
-852
-500
-275
226
-990
253
247
436
243
-337
-888
44
785
-538
-900
458
-919
943
-941
799
-120
-326
13
955
782
658
-369
-275
-214
-183
-486
864
637
-212
-993
-561
-299
-595
-769
-917
181
346
107
-949
-313
84
234
380
677
349
940
-379
-961
-734
621
-858
613
622
916
-275
875
878
-920
-513
-363
-288
138
582
937
415
645
-552
-12
-612
146
66
878
386
183
20
869
-280
395
-220
497
809
359
287
-940
-967
-59
-264
213
-923
-447
398
-260
676
-647
628
237
172
510
387
-480
897
841
197
732
434
692
585
-31
-185
599
195
-326
226
-878
631
-922
984
878
-311
454
903
674
-685
-776
-965
-742
447
923
646
-155
532
571
-309
-581
-556
676
-371
746
-943
466
349
-159
-810
-958
538
800
446
-956
-478
-488
-591
802
920
172
486
293
-136
329
-939
-379
399
414
-459
105
-448
-273
710
946
-290
-429
196
32
248
-723
983
-121
844
274
772
764
-592
249
123
-982
-217
-729
426
-919
-555
651
-612
761
-177
-35
93
-226
-277
-774
-956
-423
-255
-861
277
265
-350
-72
-60
771
-166
418
-73
729
-634
-140
454
170
-765
689
-74
-844
523
935
-752
-422
-351
496
642
-95
-844
-1
-106
-583
-104
-590
602
695
657
-563
-168
-649
-968
849
-247
605
-671
-517
-325
625
-401
-871
-450
-989
300
750
854
-887
-301
744
412
506
513
990
-392
360
-344
-163
-248
282
325
311
-429
-431
46
673
-139
744
940
-627
459
-691
291
795
888
69
-56
-960
-680
-288
870
-564
657
515
670
-238
429
361
858
118
-430
915
427
924
-277
166
824
-259
637
-582
554
-347
620
453
-441
-623
550
185
328
-388
411
-977
-98
794
646
-202
-38
250
-498
-828
666
-812
685
161
-805
768
497
196
-605
646
-758
-662
989
62
380
-409
235
561
171
-862
-207
-355
-215
-749
871
-718
928
-95
185
-501
-383
-640
582
231
491
520
72
-300
-247
-235
-621
222
860
140
17
-290
-396
61
-258
-479
907
149
887
427
5
-94
937
607
-427
561
846
429
718
-711
195
417
159
668
962
-551
3
-214
-771
547
-803
-859
-370
-181
-945
8
-666
928
-809
854
115
620
-473
-951
-154
716
-825
421
-587
819
391
631
181
-838
379
964
977
108
-348
223
-517
690
-516
337
777
231
150
629
-645
-560
980
-422
-48
-749
707
50
-320
-452
-899
574
-935
-932
374
362
-952
-878
-881
-555
445
-362
505
-904
-231
210
226
903
-387
-847
947
-823
233
-787
751
573
576
-285
-450
334
-641
536
-8
784
-305
-550
-198
-741
393
-53
623
-422
902
-384
517
-266
296
414
-53
947
263
-586
906
212
-18
642
-997
21
131
521
-789
-376
637
606
762
-755
-348
343
-291
162
-103
-721
650
510
346
-514
-459
15
364
-906
-800
0
557
706
136
846
-50
613
-983
783
-29
50
-511
-43
853
672
-154
-164
247
-500
781
-793
-420
-500
239
314
-15
-187
-674
-876
-149
290
61
31
286
588
-607
743
-673
255
88
151
-346
-954
336
917
-566
-105
959
-140
-997
-959
594
341
-454
-265
-801
-498
238
275
25
-701
-768
-470
874
-65
457
-262
335
-372
-870
942
38
-405
463
-626
350
397
-607
-574
580
301
-345
203
-870
313
-17
104
617
-745
738
167
682
-914
60
-911
-240
32
-219
-49
-236
-973
222
535
-285
-485
378
-738
-472
-657
578
-844
-778
-176
-603
586
-484
175
-583
465
-902
-57
71
-597
746
84
-275
479
-633
582
934
-611
-870
521
793
-108
-514
744
848
-441
-986
7
-329
473
663
523
386
-337
-220
-712
460
-829
-478
-145
-957
-982
810
445
204
958
-390
-988
-949
-671
788
246
625
613
244
789
-972
731
356
-55
945
-997
-540
920
737
22
345
563
812
-933
46
-29
-583
906
115
377
62
-977
-68
-558
-768
-329
232
893
-420
285
-94
341
792
-396
743
-734
1
-382
-562
-280
-222
-886
535
-781
3
-760
347
-57
166
-419
807
-606
947
667
-954
-587
-966
425
-888
-795
616
-7
-91
-481
965
383
-486
139
287
-73
-300
-695
-702
515
321
780
-97
-481
373
-895
227
-570
925
815
-408
621
192
647
476
-276
477
-265
514
311
218
873
338
131
163
-222
-174
536
-877
239
297
663
324
-429
-528
-277
-648
-278
243
452
404
-742
-430
-889
382
545
786
-187
-236
-914
652
557
-180
380
163
-218
76
-540
985
-709
-647
-486
233
-137
562
-275
746
-85
-720
988
71
-238
84
-596
-713
-894
148
192
-844
-442
821
-332
236
790
-778
-301
403
-614
-713
-732
-540
-470
-188
802
529
-459
951
-570
355
-347
681
-977
-469
843
-550
-266
-767
315
-950
849
-760
943
-113
696
315
-191
-541
169
-20
-639
-769
831
791
85
-305
-296
-182
736
308
676
-488
-266
347
-366
901
549
-114
32
992
-62
-77
707
398
315
854
-813
-234
663
-913
-694
-220
-759
743
-661
346
529
-777
-999
-309
-895
-654
757
-234
444
-654
51
919
-154
172
640
-525
-78
-382
-363
704
-859
-743
-35
-691
-368
-815
310
-103
-819
-698
539
583
-824
-616
907
-796
676
677
-222
-496
-930
24
688
288
-928
-759
706
432
199
-483
442
694
758
285
-593
-252
-753
-891
-195
137
199
-210
-27
798
-917
-803
809
-877
588
562
142
444
633
-508
-615
169
180
-829
-324
-50
452
20
100
112
-640
269
948
-30
27
-15
351
-983
429
-265
-753
368
802
-799
30
671
352
410
-941
144
-99
640
916
934
237
189
-690
202
849
-196
25
-835
521
-803
74
450
-514
-288
-318
765
626
562
-731
-494
-380
958
569
-213
95
279
297
748
881
-620
481
-584
183
-78
163
947
302
68
303
-728
-577
-550
-421
-750
378
-536
-536
-430
-88
-653
751
-481
-924
300
857
118
-439
374
-580
-515
-176
647
-41
-340
571
-107
-147
-724
-532
785
205
309
370
806
-693
-733
951
689
297
83
-977
-437
458
-461
-807
342
253
524
-390
301
806
169
974
401
-836
-328
-178
-223
-952
-629
-505
-800
-819
866
-470
-807
-89
235
-561
-143
-549
-588
-684
-416
-288
-707
-259
965
296
-927
-530
812
-618
-299
815
-377
587
416
228
-857
972
251
-981
-668
362
-756
-557
442
598
-781
-170
464
-615
-618
513
-320
390
338
980
-929
-546
-953
-262
808
635
-932
-927
320
395
321
942
211
903
263
173
477
303
204
-239
526
-122
-121
-910
274
-516
774
-549
768
-828
568
-591
847
627
189
-124
-163
-650
845
-279
-479
-311
-475
-264
852
674
-654
583
-551
-758
466
505
-682
66
950
-558
-419
-191
330
90
-84
-956
-535
-221
-759
895
698
463
-400
121
936
-533
529
-751
627
753
578
-577
528
-890
-664
-148
-34
812
93
284
-237
839
198
-892
758
752
89
-203
-154
-677
230
-489
241
-54
-305
-904
-413
517
418
34
938
0
-194
845
663
-382
-744
228
346
-809
-479
706
-522
-519
465
55
-280
380
-846
526
365
-480
-935
168
-61
-110
363
-25
-619
-934
40
683
-25
-899
351
-818
-300
-46
-409
-603
-38
761
170
313
344
-187
-510
-1000
-404
781
-628
-623
757
-656
-981
731
-870
-524
-751
-482
732
803
-983
-738
-525
797
-829
-509
422
711
3
819
-369
265
758
-865
696
766
909
732
470
380
-848
59
-650
-244
-111
-755
110
503
147
36
-106
909
246
-226
-624
-800
-620
-124
943
-780
-72
626
-873
-192
-100
16
454
-483
130
-542
-858
-780
-944
-671
-196
-36
-755
-309
384
385
-6
645
454
554
147
143
-163
535
237
-252
468
-185
819
889
440
115
-886
348
375
-513
-665
-925
-628
-38
-456
-750
616
414
182
-778
925
-843
-119
-985
836
403
161
-521
-282
894
-605
-675
287
-691
-594
-399
517
-221
-938
80
-701
586
-21
-346
878
882
-282
-58
-886
548
814
928
-593
-283
-455
623
551
616
257
318
847
-513
-587
-122
-724
-483
696
692
-483
257
556
-288
-841
-285
-959
448
592
123
-666
576
973
-955
-216
-680
-278
-416
122
-750
447
-661
-75
-373
10
-606
-505
-20
-355
-510
-535
12
-436
376
-449
557
-287
-229
522
637
657
199
-203
-119
-57
835
-744
-155
222
-608
645
-521
-548
214
-322
-197
-44
62
244
-489
694
-724
765
103
486
-924
-339
975
-685
389
196
-666
-326
736
158
-361
-634
829
-833
-870
-281
-608
296
202
-413
375
-197
-328
389
548
-592
409
-949
-591
669
675
829
671
-359
631
149
203
865
331
709
-769
366
937
-82
189
-272
-271
235
455
908
114
955
-302
861
992
-767
-716
887
910
-310
174
-477
-626
92
588
-355
0
240
331
-402
-153
785
-451
-981
918
610
-687
923
-624
-498
313
-290
-288
496
802
-816
946
617
318
-519
809
914
338
200
525
-258
-882
-773
-144
192
138
-755
283
139
-82
119
527
41
-401
-993
-14
-531
823
-923
-949
-15
-957
134
-852
-619
812
-366
456
865
420
595
383
454
-823
-657
-218
200
-270
170
-280
-532
436
804
16
896
430
769
402
289
-46
-210
490
-464
527
588
149
830
-955
-557
4
-481
673
-627
-871
113
793
-663
665
794
-542
-733
416
-71
-435
624
941
-556
-66
-244
398
-672
-458
271
-810
-156
347
-50
668
724
-829
150
910
-812
-904
479
-621
317
-391
-287
442
591
-592
455
-936
-111
-360
17
-590
-710
-270
-703
-572
-85
46
-908
872
695
89
650
-137
37
200
-855
-562
-226
933
125
-574
-626
644
-135
-140
-959
165
-831
-971
431
-641
579
841
377
-571
-1
-877
589
33
978
-194
707
333
637
317
-294
517
-282
156
-741
-337
-449
240
55
-977
-409
221
432
305
125
-385
-407
539
793
705
983
389
981
799
-403
695
547
322
586
900
387
-956
377
-632
812
-815
-33
-485
267
-523
837
-753
-915
-622
-114
-358
809
798
628
-640
-451
773
-30
953
894
696
-849
-913
-934
551
-127
604
-105
-263
-594
-624
258
954
801
705
310
-32
160
-570
-561
490
-384
-261
-771
235
746
627
-364
376
-211
-40
-841
-764
674
-115
-44
679
446
747
-812
20
360
-731
-954
-559
506
941
-11
-276
429
-444
894
22
-336
645
920
-733
-379
754
985
649
-775
741
-527
-728
46
878
-222
698
-484
-372
806
947
-980
-96
-946
437
-343
176
-868
938
-997
-781
-659
993
-838
-597
-64
-589
140
-724
-70
29
-848
371
-700
334
-389
973
-500
-97
-613
289
69
497
-627
996
-679
279
-577
-396
848
230
712
-608
-932
975
79
-949
609
362
-356
-402
-797
261
524
-338
639
-115
-328
947
981
-355
-308
-242
-180
-416
122
130
-726
-635
-447
664
515
903
-666
-94
-242
-405
466
-634
293
-249
692
-512
933
892
636
-827
-999
64
995
-811
-267
-168
900
65
-829
-448
426
-739
-258
-107
632
-470
-967
684
-133
-291
1
289
715
-382
-637
381
-200
-920
-602
-477
866
-48
176
-558
307
-37
-837
171
-180
970
-236
421
660
-542
203
872
334
376
-668
236
-732
373
-473
-708
547
571
-28
-259
-805
380
776
-936
-319
-455
-275
770
-709
643
834
428
-655
735
-491
-608
407
-342
-968
-393
917
862
359
-852
-295
-167
-531
650
-727
978
-960
-754
-931
-740
-608
979
631
481
-262
-274
-900
973
-555
424
-45
109
592
-904
960
415
-995
-283
973
-355
-414
693
305
889
357
956
545
-916
768
-507
-681
-296
-32
529
605
-964
320
-329
591
-188
605
280
-539
838
-279
-155
-924
902
-207
-882
685
370
-490
816
907
-787
-632
111
92
-119
375
-743
558
571
-373
540
324
-518
856
895
-166
-107
567
-322
-482
-849
-119
-371
969
-94
969
-215
817
-71
900
646
-688
-912
332
-677
-266
-151
-147
244
-895
81
640
135
848
-423
-1000
-136
608
-443
730
-652
361
-968
325
-133
-933
84
251
998
-29
-297
-453
246
781
424
-778
-897
874
212
474
337
-257
-928
-75
-753
823
-174
-565
-519
155
-230
145
834
563
-303
83
410
-489
-790
9
-165
87
-186
-228
-149
-464
488
665
-732
504
934
-977
-149
718
-993
549
-887
-524
-529
-890
-679
679
-890
258
-527
782
-894
-40
536
-353
-77
-243
-561
688
-621
661
631
762
418
429
687
450
-526
822
33
-768
-545
230
-730
-121
499
-495
142
-907
-726
922
-835
-738
217
-472
706
-715
980
663
251
132
5
-172
-568
99
-28
689
281
-624
32
703
304
454
-143
579
-436
431
390
370
-366
-729
-174
874
614
-915
-778
-360
809
-554
758
-212
-731
-383
-956
-89
-717
-95
522
-738
-213
29
-451
-722
-229
505
-479
110
896
-879
116
477
161
-201
699
512
-427
168
-187
667
-340
-135
-755
94
-707
-75
-911
-932
891
245
-194
866
-766
245
-291
-567
963
-273
877
-765
-532
777
-610
873
775
-277
939
877
609
11
417
756
513
-269
555
193
-68
-830
-527
-16
643
395
-567
-382
714
-807
-810
578
347
-584
-38
-987
-459
-194
-82
-375
-304
550
713
410
85
956
958
-924
-709
449
911
-908
595
-690
-227
-385
-397
-406
877
783
-382
128
-839
890
313
83
689
-99
-324
-44
-352
83
-914
-251
553
699
922
-578
100
-176
-897
-866
406
-50
-500
131
808
-58
773
39
-19
-228
-103
896
-969
-173
-317
-555
84
508
-504
59
519
-391
531
-752
-390
-520
96
-577
1
713
487
-640
-998
-679
415
-740
-861
-530
-928
144
-550
646
-446
421
203
367
963
437
293
586
-582
284
716
848
542
189
-98
642
-111
-694
811
-18
-839
-583
-972
-341
169
-341
-179
725
-639
-978
864
-382
-355
-530
-927
-738
832
-802
-175
-712
175
384
-341
-791
70
-580
62
-32
-367
0
168
-352
769
550
-824
-432
-110
-124
149
-494
-827
-488
-839
796
-718
-608
31
-463
902
832
-441
-82
-454
452
-231
-617
-514
-745
-908
-862
222
775
-792
497
138
717
763
797
13
541
-592
642
474
-848
-593
183
885
623
701
-760
-287
-596
-258
924
-629
-840
703
331
848
968
-888
-15
-404
-267
-944
-161
-975
-412
-38
-503
-974
625
-869
-276
158
-302
776
-563
174
-316
458
947
738
-313
-514
407
-711
-476
362
535
-112
-211
-642
489
-241
-185
330
9
-633
-454
325
715
-775
-817
-408
379
549
-139
-187
113
676
-65
668
-2
-122
-83
-228
862
-251
-610
-610
-997
-227
-584
680
-223
-739
299
-110
863
27
-822
262
-854
960
857
300
999
-97
319
680
911
-779
318
683
265
-290
-458
697
-314
-502
-558
-828
-232
-657
-495
53
376
-36
-957
-912
-467
-450
539
56
888
-118
-877
-735
502
402
958
-594
933
698
615
102
-109
-754
-281
726
670
-403
703
-164
-867
-875
-579
-190
209
-473
247
269
-78
-588
-611
-897
431
-51
-456
-515
578
660
-629
-363
925
546
689
-732
791
426
-433
-562
761
-597
776
250
-70
573
-260
410
-150
-827
943
520
458
-733
-545
673
-834
-574
18
-299
944
219
624
-363
536
-742
742
-738
404
118
-86
286
-957
333
-399
279
-996
567
-245
-829
22
-331
503
167
-157
-800
-327
894
-113
380
531
-604
87
304
-772
37
813
-362
311
661
-556
123
302
333
-238
-143
710
275
-766
-829
962
535
-655
97
882
-717
551
725
-815
517
-721
682
-596
46
269
-435
-82
584
701
788
773
29
-604
-832
733
-736
303
-253
-286
-415
267
-874
322
308
335
588
-383
-817
579
-216
101
659
680
-991
294
618
776
-913
-867
641
540
-134
-667
-574
272
914
918
379
703
86
-936
799
-974
-893
-742
413
410
576
-658
671
450
502
-512
304
325
-155
442
68
-85
131
-224
944
571
91
290
405
354
-56
-721
846
393
505
795
745
-43
-286
151
640
388
805
-734
542
959
-822
876
53
-402
974
-74
-896
-483
888
-44
-162
687
977
23
-743
948
-221
-47
-553
209
945
-222
246
-224
729
843
648
-522
-679
190
589
-78
-700
1000
375
-720
238
-837
918
-559
-773
501
794
-827
351
-251
-227
-368
369
-968
339
-368
-354
472
-881
-273
113
-361
462
-703
-27
-752
594
934
-222
-685
856
305
-220
-849
194
314
-46
-807
393
466
-413
-977
976
-737
-416
-173
538
791
-340
669
-328
-677
756
-695
-777
353
-581
914
-424
356
453
983
-553
749
55
730
-888
-213
47
-219
336
403
372
-18
136
-533
-12
-650
-318
-35
588
-751
452
-142
-273
-934
-806
305
-632
490
-943
581
847
873
-30
839
566
-682
594
38
165
-284
691
715
-559
603
17
-357
816
583
272
83
-163
428
-498
140
32
860
247
-788
-417
-877
-956
-481
-588
72
612
203
122
-74
300
14
-100
-79
-607
534
87
197
126
216
230
962
181
-785
868
-748
857
-493
-156
334
-372
529
-864
-959
-211
605
780
-879
677
364
88
-103
137
-61
-228
271
-503
390
407
909
-44
633
831
-864
897
-912
-800
617
41
-432
-723
-902
198
-140
-349
-442
782
-702
9
27
-165
245
-117
-89
500
-441
-772
-896
-330
213
302
-776
497
115
641
-280
-977
-178
-596
489
-677
205
-882
-281
-64
710
-694
328
509
-168
-409
-743
378
167
731
987
-470
-357
650
976
-801
-921
228
208
982
654
-634
282
-965
-59
107
-569
-288
-176
88
231
-64
-773
336
82
-554
211
-802
-262
-542
-900
660
-529
-640
734
96
-109
989
965
-553
769
-118
-480
393
-895
-981
-390
488
-164
-786
-894
834
374
-340
465
777
898
-435
714
428
-393
-399
-586
754
56
111
-354
-949
576
-191
493
274
-856
-837
254
-716
-314
-315
-101
-968
435
-429
-998
-816
-900
-810
-133
-29
-567
-423
897
58
214
948
-628
150
264
-601
-275
189
963
302
186
-921
413
-966
668
-714
476
604
523
781
295
272
992
398
574
223
-216
71
-820
936
-420
-950
120
3
142
542
-794
-917
327
-396
-555
-782
715
788
-13
945
-898
-929
641
719
-906
830
-181
44
72
162
668
-430
-792
774
-780
-166
-880
794
-408
-106
-715
926
575
-986
-405
325
878
-567
-600
-372
-635
-165
666
-257
-193
588
129
77
997
611
-232
-408
-528
-83
-214
841
973
-534
-367
107
-385
112
14
853
657
536
935
-944
828
686
207
-864
882
141
-255
-665
814
-867
-716
-522
-99
-567
-875
989
-223
-442
558
-170
-314
757
-479
-15
-367
-235
-559
-68
815
229
-971
-561
-180
-665
-746
-598
-296
-962
248
61
-293
654
-878
-208
943
469
215
-674
-656
661
462
-390
450
381
451
-641
-453
-670
572
-428
-995
-329
341
37
343
104
-195
-933
-657
-804
607
564
999
-447
-649
-920
619
916
382
12
-612
508
-660
-900
440
-997
617
-163
-278
150
-686
-757
-233
-816
594
348
96
-667
24
833
-609
-725
25
915
406
-388
-175
-537
-238
-537
239
-617
-659
-501
179
-722
-336
783
485
705
-15
938
-525
-540
-776
-172
-955
797
-12
734
-30
-802
-478
180
231
-382
863
223
-949
864
542
795
-819
-47
345
404
113
425
-278
-887
295
-573
372
517
259
303
-910
-594
-276
-510
-610
878
355
-28
-248
53
-774
604
-994
650
932
-741
-41
-919
-629
-833
494
-897
928
-128
-458
390
-689
656
-371
-914
765
-350
663
-289
176
-37
134
961
-716
-231
932
34
-462
-518
946
519
20
432
859
744
-4
-345
857
-648
-195
514
393
-253
-928
-287
968
-793
-253
-64
-178
286
-21
-572
10
-706
-230
-495
-4
500
-785
299
-259
-175
763
220
-839
190
17
-34
-49
-234
-174
292
-871
307
887
357
806
-943
-396
901
789
-844
-522
285
-727
-947
463
903
969
75
-671
-229
419
-65
510
262
634
571
-582
-914
-235
-916
220
455
691
690
-412
522
-729
186
384
-413
870
597
299
104
139
785
917
238
-296
122
726
299
464
326
-740
-991
-878
-222
458
434
-9
909
114
-941
854
-995
-715
-175
-41
-996
-720
346
453
-379
-670
391
530
-104
87
-409
-100
748
-228
715
572
-905
157
-41
-689
700
415
98
785
-792
-463
-289
981
106
-392
60
-581
-207
392
-671
-232
-14
995
78
-417
-78
69
-151
-666
800
113
-722
653
-542
-5
669
-529
-40
-903
-146
-235
74
911
-924
-733
835
-789
703
166
-545
959
-503
376
941
980
532
-852
-245
618
453
-127
618
163
-823
-926
997
-532
-1
-794
683
-920
404
6
206
-441
-629
749
-970
-228
157
-828
250
375
109
927
-277
-498
542
-720
909
628
647
967
-714
-387
786
166
-839
-835
614
-40
-274
-533
-365
799
-70
206
-383
-707
-981
-507
-995
624
563
678
737
-594
-180
550
-665
749
-484
-357
482
405
131
174
-354
-33
263
-176
-766
-241
-303
384
-146
-858
183
-32
-606
-394
876
596
264
668
392
557
-751
-118
-545
-365
809
-466
-930
-640
-188
558
215
335
743
480
741
-414
-114
969
-809
-525
-442
-255
773
367
334
732
-842
581
-874
-342
-393
99
-426
264
845
794
-450
-674
-59
122
-955
889
-148
-147
230
919
-107
-267
-354
-714
45
916
417
781
374
567
371
-957
-574
-32
-285
164
441
790
192
-958
451
831
-683
529
609
918
-601
190
-910
-989
-552
203
136
-45
-851
-502
594
-100
533
131
775
-615
-251
-742
475
804
-918
465
743
764
393
-953
-525
-169
-195
-747
171
890
-109
-406
226
619
-86
-30
-996
830
85
478
-344
-854
937
890
131
784
261
173
96
-345
-37
-700
-766
51
516
-808
-891
151
132
824
97
323
-658
-931
-957
254
826
814
654
590
197
-70
-450
-103
-410
-142
725
-374
763
175
-680
-636
-733
-630
-752
-417
-545
730
40
417
350
-225
970
-345
885
-84
570
-731
-440
792
101
-634
-971
400
-669
420
134
-695
-559
676
904
981
671
-203
837
-914
239
189
913
-508
-51
280
942
-900
489
723
446
-723
-422
43
-826
167
-520
-563
940
16
-452
-250
-362
454
-706
586
650
904
166
-910
946
-428
526
98
-857
-845
-498
-80
-938
510
723
8
-983
875
578
726
-345
-577
-451
979
83
-256
245
953
356
493
-341
167
-989
-668
563
659
542
909
-203
183
206
728
616
-215
-192
670
-393
-109
-109
19
-176
991
417
495
-573
-434
-77
-616
-546
-139
-788
-181
280
-874
310
747
-638
-65
510
642
-145
-31
216
50
-305
-155
947
-544
-556
905
413
361
-435
285
807
783
-149
175
475
-425
-546
87
-430
-707
16
67
-329
-787
-443
-371
-342
-723
625
-870
593
554
-116
598
-827
-540
405
976
484
880
790
-922
852
899
176
923
-941
540
-992
-989
968
233
-401
-8
-229
-620
885
725
-23
33
142
-763
-193
-743
574
-438
373
984
273
-67
-689
146
-773
867
-995
-338
126
334
304
586
632
294
-627
-82
-629
-949
-405
-263
-933
-773
888
332
-938
10
643
-739
-104
533
-900
785
-545
1000
-594
-438
102
918
402
860
-709
577
-611
-392
825
-141
-565
844
-454
-452
429
-646
829
663
990
-185
-839
-935
180
-747
724
-175
347
337
-28
803
-918
874
882
519
107
-269
125
-35
-448
-910
833
165
-266
-791
-546
-324
-131
-359
880
-662
314
-920
-172
173
806
-744
674
-223
-722
73
961
-139
-537
-349
-480
489
616
985
454
970
-919
597
-607
-816
-473
-821
792
-214
-939
91
-78
77
-934
689
-932
-507
965
-868
-396
755
744
-863
179
-402
-528
60
219
914
101
-968
-282
-48
-928
530
-766
-581
-249
881
-878
871
-42
-712
-346
-270
-113
-339
-740
-408
902
-676
615
643
522
-865
247
-169
588
-400
671
-348
918
751
-774
-76
424
-370
-673
142
273
645
380
-176
-935
396
-237
669
-903
228
-105
934
-329
-135
297
352
-185
-620
-345
30
-406
605
-690
-156
348
480
-96
49
-661
-780
636
650
641
270
-390
439
949
166
-72
-208
-308
-167
830
-877
627
-877
-513
567
-233
653
-485
-440
82
243
563
645
-647
767
542
137
81
-787
367
262
582
-738
229
-347
-780
-310
824
767
-900
381
-960
673
-566
-447
-989
243
-562
-562
294
437
697
23
345
984
581
118
554
-859
-41
604
-282
-426
751
-909
271
558
-448
-611
-886
539
-322
984
124
-510
-695
-308
-810
-640
-170
686
588
-680
-617
786
-427
-930
-651
-993
713
424
-155
977
629
703
-515
-313
-616
-359
922
-725
207
-426
-534
721
-213
629
-987
-335
-418
925
616
554
-645
-976
646
959
896
-870
913
365
667
985
911
-254
-718
-463
50
188
338
536
-391
193
248
113
-71
-375
-139
-708
-869
-63
742
-289
399
-835
-831
-991
-207
-692
-42
-835
-798
-417
174
-520
381
669
-148
993
-109
195
-235
-222
948
-675
384
669
214
-804
287
-666
294
-450
717
22
-280
349
-775
-618
-814
-817
399
-297
-170
513
865
462
-457
-164
-746
256
886
521
669
-953
-922
-809
-508
-472
-853
-107
-868
758
180
-608
42
-569
290
651
-917
-350
493
-981
850
791
86
471
234
378
730
674
650
-463
-417
-62
-833
-321
696
-106
954
501
-265
-618
-179
709
-718
932
248
-464
-245
819
-579
-782
186
588
429
-501
-558
979
-606
-670
-915
-559
-812
324
474
180
-254
151
-201
373
633
-577
-87
47
-849
487
645
-780
857
-793
439
574
-718
390
-209
-2
502
677
298
275
78
-939
307
-11
-487
-630
720
443
758
-410
191
-846
-109
-600
-704
-22
-211
37
-135
903
-366
-411
598
336
-422
-631
140
193
-826
690
-514
-945
879
-279
-106
-249
-989
708
-86
880
924
523
483
850
331
-436
431
-274
514
706
-152
-547
337
851
413
743
340
-997
-633
955
-706
-66
514
477
517
-150
154
1000
-944
144
-920
-391
-418
376
335
-344
797
-182
-712
-195
722
486
802
-813
711
183
498
143
-789
-456
915
-606
-47
73
72
410
-932
894
445
-665
773
254
424
-41
186
220
218
-641
373
-658
-222
-812
-319
17
-512
-749
249
-200
397
94
458
638
778
466
235
46
279
-317
-767
-561
934
-547
-230
141
-423
469
309
26
-349
-923
892
85
482
813
274
-660
-776
383
-315
942
-666
614
-42
580
256
458
-38
-934
935
-915
331
228
-410
131
-97
-821
350
635
391
-82
-285
265
923
-229
-336
-678
-750
-106
-616
-600
-258
-884
-41
932
211
315
-797
-757
453
122
-482
620
543
646
-312
983
-982
-234
488
-581
-15
411
541
-786
-223
-101
517
-675
976
-234
-105
-538
891
363
-644
240
-669
186
781
781
-986
-281
937
-501
-833
232
-193
455
-796
827
412
-507
518
924
814
303
-986
993
413
-862
-318
-310
-765
-941
-664
238
35
191
552
-818
-550
615
702
-356
530
-105
-626
-331
-167
-664
-210
53
225
739
-223
771
778
995
-572
342
660
542
226
-199
-55
-227
-216
73
441
145
970
-802
234
630
307
453
-186
193
698
-210
-548
-252
-148
915
206
250
174
665
225
-662
59
-731
-266
-476
-428
880
363
-987
-572
224
192
930
-698
-233
-548
539
864
475
-764
988
541
-675
409
148
202
-98
-932
330
232
-530
-740
-282
691
-135
53
786
-693
-141
887
785
953
-681
89
326
-364
-674
-767
649
-347
-938
926
-416
673
658
-999
-923
-602
35
950
-256
-909
447
-963
-643
598
-7
706
-511
135
817
-287
-329
-712
514
616
-671
168
464
-738
-905
-806
-655
-62
-248
-772
-939
81
669
-759
-901
-826
-282
518
503
768
-440
293
-707
-36
-745
-877
-21
-148
597
-148
-271
-321
899
469
159
-476
-142
-501
-780
-491
-283
963
967
-693
383
524
659
-259
189
-369
449
713
723
536
-321
-470
419
461
223
610
-182
-189
168
872
-800
-277
-457
62
-507
824
-635
557
421
246
-803
641
276
-224
-702
-170
-443
928
986
-56
572
330
-666
785
-975
-549
574
851
680
-433
552
713
-638
-519
653
974
900
-87
973
926
-992
566
-23
-402
-520
-724
627
549
-824
18
474
-411
-327
-835
217
39
-422
517
452
-755
614
-981
-624
650
-25
666
-841
-592
-189
-743
17
640
-657
-722
927
753
974
43
29
-311
622
883
-338
321
177
-472
-690
533
544
-804
-319
-232
-116
-444
-590
-937
-663
-188
-356
574
-454
-164
-759
908
-752
-646
-932
728
311
336
409
-280
-330
615
701
376
-179
-856
-628
-813
849
147
-271
-304
843
-691
447
-739
211
-176
-671
-268
8
-377
-838
-387
256
384
-681
-543
892
-593
-802
38
814
-572
644
-707
-323
737
680
-401
134
-362
-284
-639
928
403
805
234
-683
-527
-406
-803
938
586
-678
320
358
325
749
675
693
503
-651
473
-242
-850
437
-336
-96
263
-715
53
-506
563
658
-595
914
-799
-430
-101
591
-103
206
590
164
180
-467
274
261
252
320
-581
-719
360
-413
282
-837
-268
927
137
748
-72
-484
3
994
178
218
-482
-89
64
359
-398
425
854
588
-416
-403
608
136
898
-371
854
-99
789
-189
457
-338
-847
405
483
-892
-585
-215
-71
-531
842
-347
859
711
-52
364
342
-945
-127
425
963
-692
-838
736
809
239
-705
87
-561
-1000
432
-977
265
-900
203
69
839
626
504
437
704
-979
-615
200
96
-653
245
-947
-876
-678
669
656
715
-914
606
-584
466
980
750
-24
-317
-469
-198
238
1000
196
-270
451
-906
-729
716
204
-68
-432
133
-419
-250
-759
18
849
-1
-908
-375
394
470
536
-495
57
261
-487
225
-909
-869
-697
-842
619
863
-232
711
-192
169
-768
-333
-829
287
-472
-239
950
-454
-603
677
954
-958
73
559
879
198
-826
504
-586
608
-477
-387
-557
941
-728
-186
-89
-694
414
551
860
-158
-898
-971
770
-318
-906
-620
169
-422
-276
-312
658
573
741
468
306
-256
912
301
-920
-332
-285
-263
754
139
799
641
949
-482
248
836
284
514
-885
-975
-496
275
733
-475
-433
-944
-724
-927
-665
-348
355
-974
-910
-685
-688
648
235
-404
-183
-402
449
119
-366
807
-103
930
-838
-416
471
456
-842
691
972
215
-564
-836
-824
-941
762
657
-552
84
-561
-410
-903
988
334
-395
-611
38
-921
-620
177
897
933
-459
513
-781
72
240
-227
799
265
-644
855
645
-282
-556
499
-469
528
-932
794
-339
-205
445
910
453
-414
31
146
629
-722
-809
-964
595
-755
128
136
550
-590
-823
249
-207
-383
-84
-828
445
-887
-310
-10
536
578
744
3
676
-503
307
-928
775
-175
-153
192
-252
-36
-924
-408
-537
-726
-346
944
82
891
-799
675
-939
-953
-440
29
243
935
-341
70
251
61
171
-449
-346
395
569
-914
-873
-793
24
-705
-480
-544
504
120
614
115
511
445
967
500
547
283
-912
-967
-960
-388
657
12
36
-880
723
-976
-355
236
371
-145
305
-834
-694
533
-664
319
-945
-149
-124
856
-222
518
395
-10
-154
-260
630
770
227
-546
160
449
-956
-792
-313
980
-134
-583
-484
204
338
-975
-228
487
975
758
116
-50
-37
-230
-729
-256
800
-375
806
-486
-644
647
792
288
447
836
776
-99
-988
650
-843
-797
-39
-169
686
179
815
824
-849
437
-92
-520
501
-526
-910
603
951
-555
396
233
-700
-715
-875
-977
308
458
-914
-147
55
-585
-599
494
-77
803
408
259
613
476
298
939
-944
-141
6
201
-69
754
779
-982
-396
327
150
283
-509
411
775
698
-871
352
350
-920
962
777
548
-334
-365
752
-280
94
60
241
29
-913
-217
-935
782
-683
900
-759
109
-298
-649
-32
7
-134
-709
81
-838
273
393
-737
-941
986
521
-146
-968
370
880
737
29
-624
-155
964
-510
-242
300
73
866
-378
209
727
907
-630
-763
409
-217
972
-581
-927
895
-380
659
191
-345
444
309
-647
-575
827
-580
-100
837
793
-160
711
909
-37
265
863
502
-437
962
829
489
-493
-504
-848
-835
987
-96
-246
-182
-109
-582
594
442
-782
457
316
-960
-714
453
353
-742
431
723
-111
-749
734
506
-877
60
732
-931
-241
-334
123
-966
-90
204
697
571
570
21
7
-156
-858
94
-520
-95
367
-567
-479
596
412
-471
-976
975
493
-524
633
284
-740
21
869
245
-935
488
-500
439
-396
563
288
-694
309
-416
912
791
-777
-849
544
-109
974
649
-427
-844
354
-999
-540
-371
600
-464
-510
45
-617
731
-387
-494
376
750
-301
730
621
529
-908
-955
341
81
-424
537
-327
-727
-879
462
933
-770
13
615
-329
142
520
-719
-125
-624
-338
-593
817
410
-495
-823
-341
-15
295
851
-446
754
-660
-965
-125
-174
-259
-957
301
-265
-674
971
632
-544
-318
-616
312
-214
383
825
68
932
527
-77
847
393
-521
889
-283
-526
644
-319
959
-242
-85
823
702
627
-328
-798
-129
926
-832
-181
-212
604
445
58
-561
-115
-874
-790
515
-870
-264
572
966
125
123
70
190
-264
-881
-472
-646
-324
-409
11
-296
283
-92
-416
858
610
-441
219
-39
688
-811
-96
-576
-987
-269
694
140
894
-533
15
-368
-71
416
-541
-448
-466
-123
379
968
514
-704
758
344
836
-740
939
-51
660
555
688
-707
-284
-170
-372
-147
-644
-928
-668
701
-115
668
-158
-486
990
241
600
-886
374
-662
-853
-13
639
607
523
-75
319
-182
-303
795
-429
360
39
-985
-59
-701
357
769
716
-576
-6
-711
507
-439
-179
-762
-392
131
-663
527
-251
-553
-318
313
-958
496
-676
-916
258
438
-284
-500
204
-920
-597
940
-396
-441
-96
675
-984
959
595
-663
160
-106
906
647
-796
-739
325
17
650
179
6
557
-423
-916
-766
543
-326
505
37
887
538
-280
956
-32
-809
342
760
790
-954
-3
-140
612
-20
435
722
-714
-935
-539
767
908
-443
-973
577
-961
-33
143
-623
111
824
171
-872
-515
418
-323
181
-913
430
-602
-156
40
710
260
319
-536
-398
478
-671
-581
-657
705
425
-648
-305
-994
28
45
-198
591
-813
933
963
-380
-110
-964
555
-746
-133
120
-713
14
-494
-188
-219
-636
-197
-170
397
-664
216
-982
313
868
-884
842
-221
410
-76
814
-962
248
-353
-759
-667
-197
-103
-4
-970
-603
-643
475
-772
739
526
959
-847
328
-549
-13
-519
-897
-701
17
-889
-780
-293
-799
518
-199
759
804
-752
576
-204
-900
-575
-553
-90
272
293
-296
49
-355
955
648
-139
-215
579
815
205
-458
-35
-109
180
57
-758
435
627
-154
109
770
708
-321
-625
-560
-517
-834
465
303
-384
-7
-349
-830
394
216
-589
-159
904
-433
-65
639
564
443
195
-416
381
247
-420
-921
104
-479
-505
424
875
-184
-776
605
855
-826
927
391
-618
994
-707
191
402
598
289
693
969
-966
-35
-488
-673
719
-983
597
114
-852
-136
-127
172
-686
-889
-99
543
-699
-24
-271
114
202
-980
-988
257
321
763
304
380
296
767
850
57
-372
525
-207
-647
-10
-986
-643
264
-459
-298
181
-330
394
885
357
-78
185
918
624
275
408
-45
-516
465
231
978
-49
-553
399
17
-770
94
5
-658
744
802
-42
516
-922
-602
-87
568
18
-759
-484
-769
-525
-341
974
-537
497
-104
-211
928
-349
-588
691
-779
-529
27
-669
705
27
190
-723
511
769
-858
664
-415
237
260
461
803
-452
-415
274
-936
711
577
-611
-863
455
-903
-321
629
-372
188
-868
391
-647
-410
350
987
-792
-369
-227
-8
-326
891
233
789
587
781
-404
-635
-670
-796
-154
-214
-460
-327
-887
85
250
554
995
-262
811
556
443
6
-19
421
-195
-988
265
-117
276
114
665
126
-376
-823
908
-439
436
332
328
-592
746
-958
218
384
36
-433
539
-509
-509
-818
609
-538
-774
701
-861
603
129
-827
-291
845
-464
818
343
-24
138
48
746
889
-183
146
648
-193
573
470
-984
319
-988
-786
-880
-309
-242
630
962
530
42
-523
11
-974
334
-147
580
-658
762
171
458
-374
406
-563
-321
-521
-724
368
294
-432
-986
-52
737
20
356
-982
-53
-256
-28
487
79
-683
414
-297
428
886
781
176
-66
-370
-381
349
411
-432
648
127
805
-26
-677
924
927
-335
-158
599
449
957
-910
347
-383
537
-855
-848
-55
57
827
615
116
179
-344
-489
858
-356
-258
150
750
-658
668
388
244
-298
-834
-392
-655
-377
411
-713
-999
-969
702
677
-624
521
-874
776
-431
-586
973
-684
-294
213
736
-782
-42
-250
-780
-15
-581
50
-891
484
390
665
984
-667
-245
-978
419
-134
262
824
638
857
622
-56
599
-764
231
-518
511
-222
-276
-658
-619
149
-383
-255
605
-360
-234
-156
-55
171
-591
-955
-840
130
-998
753
893
188
-378
-659
55
-648
-855
-387
-919
166
987
33
806
-165
94
-517
-209
-102
488
-899
-88
-240
-969
933
993
-551
-3
-290
-454
-358
91
752
-799
341
1000
528
73
992
-859
389
433
434
-837
-728
-815
-54
141
354
1000
-447
247
-526
613
862
607
78
648
312
867
-51
196
-617
667
-236
-708
157
-666
-751
-481
-23
-802
-314
-909
-850
-889
834
687
-570
333
-525
-375
192
348
949
396
-174
-716
-651
397
738
-747
-263
-121
736
-478
341
955
214
334
-693
-64
-627
57
227
-662
671
-292
-724
-188
728
794
-825
-378
-865
-237
-964
-848
-596
-249
-633
310
954
-578
-274
577
-554
-895
-914
64
-173
492
678
-674
866
-145
533
36
-411
-151
-402
21
143
790
-415
34
-302
-9
-316
243
-39
-658
59
-456
-73
-592
247
730
879
-241
-839
578
304
-438
522
150
-1000
-123
-816
383
-2
459
714
-16
-146
989
894
-11
684
-445
262
-17
-768
-454
-95
591
118
769
64
-762
-984
473
-971
41
-50
-668
677
-671
948
-940
65
417
727
-19
982
-417
898
-544
-911
697
889
-254
575
653
-181
495
196
-970
-21
85
617
967
958
-363
958
835
-446
356
659
502
-256
-514
-385
256
-154
-115
-71
-88
181
154
972
461
857
-114
-646
-260
190
970
519
-975
-548
465
-222
-763
-581
289
21
-322
-343
963
-334
-991
539
-115
76
361
422
662
269
-725
483
-54
390
163
867
817
763
-51
-821
-848
-729
580
-776
535
349
-662
488
866
347
-128
34
-741
-924
162
-148
-112
-754
-728
264
579
893
-313
944
843
498
-225
193
-350
143
-312
243
624
652
775
226
699
-692
-490
-392
452
869
559
-796
870
698
974
-678
-976
-20
-126
-80
175
-381
625
-927
-997
-742
-644
102
28
267
81
946
859
-333
38
626
382
567
712
-897
-470
324
711
683
-55
-987
422
-551
718
433
-373
-69
260
-50
-226
-504
-13
935
-954
-648
-139
834
-790
-270
734
376
-128
86
-717
-784
361
158
-16
-496
388
473
159
-307
-53
-645
-705
68
-916
-167
923
814
284
-541
-254
596
77
196
-666
-24
623
-354
523
894
376
513
124
-975
-163
-927
842
256
-760
-429
-290
-170
198
-721
981
901
883
401
271
321
-489
-178
639
618
-989
-374
-843
-746
822
-630
-851
-112
-523
-948
153
693
725
-731
33
-17
-501
968
317
200
-213
-174
146
-997
-755
-98
-314
10
-972
-187
166
427
753
-125
-438
660
-478
187
-314
85
944
-905
-613
99
-420
-719
135
387
483
-360
225
-741
-965
718
311
-997
481
97
-421
350
-636
-723
478
259
-465
170
-695
362
403
-496
849
-739
375
22
-879
-199
411
-484
374
-516
-403
-933
451
-356
-525
-456
-857
-670
484
-511
-124
240
-490
-323
-124
902
-819
-767
666
709
353
344
-740
1
-39
-543
171
790
690
-758
623
838
-919
-289
36
166
-150
761
-287
-780
737
-677
-472
759
-79
-906
-691
450
-900
274
-304
-767
-30
847
434
691
-275
-985
-375
983
850
-900
905
-433
-487
-972
45
823
115
193
984
963
54
337
767
-837
9
474
-379
46
289
248
721
142
-937
-979
33
-225
778
-194
599
-275
35
-655
388
600
806
-28
816
284
685
-719
71
403
341
9
-163
-859
-354
-620
560
397
-925
-650
-657
75
-595
492
626
-502
-438
-321
-523
796
-149
-652
-856
-588
456
732
208
-343
-814
-665
739
-309
-413
-192
267
-190
923
-256
-232
9
-623
-732
432
-152
-772
-500
-829
918
-387
-22
672
903
363
352
-859
-459
-451
494
610
-275
456
-723
645
-220
-888
954
-902
-531
630
615
-464
694
-56
433
-363
714
-26
-845
-468
-617
-204
-716
-637
434
-401
-788
496
-926
-745
-317
425
-802
543
654
-401
-571
82
396
-93
-908
529
158
306
817
620
767
626
-652
-454
-818
713
-941
-185
-73
13
454
-706
-100
-281
158
-918
969